eq1=0.2079146403645317E-3 + (-0.2540254549020448E-3)*x + 0.1742216164203815E-4*x^2 + 0.5035800508990476E-4*x^3 + (-0.1435147288858076E-3)*x^4 + 0.702509481505078E-3*y + (-0.1525420308694403E-3)*x*y + (-0.4608202718703417E-3)*x^2*y + 0.3938745937559585E-4*x^3*y + 0.64804895394801E-3*y^2 + 0.5752102763329238E-3*x*y^2 + 0.2611672477791552E-3*x^2*y^2 + 0.20109316874556E-3*y^3 + 0.402573856676182E-4*x*y^3 + 0.772060899767919E-5*y^4 + (-0.5280911701118938E-3)*z + (-0.949874350445508E-3)*x*z + 0.1126204625222025E-2*x^2*z + 0.817869570962836E-3*x^3*z + 0.1118195865823338E-2*y*z + (-0.1863434870861252E-2)*x*y*z + (-0.1321200794330813E-2)*x^2*y*z + 0.1913876514023481E-2*y^2*z + 0.7074746912668929E-3*x*y^2*z + 0.2889947695952535E-4*y^3*z + (-0.6238116361708403E-2)*z^2 + 0.44830812859967E-2*x*z^2 + 0.7571073598558288E-2*x^2*z^2 + (-0.1751750811263303E-1)*y*z^2 + (-0.7248448145527048E-2)*x*y*z^2 + (-0.6280334408279656E-2)*y^2*z^2;

eq2=(-0.1130888017905574E-3) + 0.5768658776383726E-4*x + 0.951544452694492E-4*x^2 + 0.815071157195325E-5*x^3 + 0.3075457711292412E-4*x^4 + (-0.3982242084371266E-3)*y + (-0.1901376781699897E-3)*x*y + 0.4705632754308243E-3*x^2*y + 0.7747683644314409E-4*x^3*y + (-0.415209446446087E-3)*y^2 + (-0.4597958406676561E-3)*x*y^2 + (-0.1929488134486792E-3)*x^2*y^2 + (-0.2660233530358973E-3)*y^3 + 0.2445973025450582E-4*x*y^3 + (-0.6063686360507864E-4)*y^4 + 0.6919561784689837E-3*z + (-0.2319638095850883E-3)*x*z + (-0.3842350061333796E-3)*x^2*z + (-0.137489813191613E-3)*x^3*z + 0.5093396155704511E-3*y*z + (-0.2344201947928857E-2)*x*y*z + 0.2866160429120802E-2*x^2*y*z + (-0.4530030539221851E-3)*y^2*z + (-0.5558560280171324E-2)*x*y^2*z + 0.2469905597315762E-3*y^3*z + (-0.7673502527155998E-3)*z^2 + 0.1984363240083043E-3*x*z^2 + (-0.1713370398997285E-2)*x^2*z^2 + (-0.1893065015701954E-2)*y*z^2 + 0.1601114631028858E-1*x*y*z^2 + (-0.908201054495817E-2)*y^2*z^2;

eq3=(-0.3681043157941793E-4) + 0.1845913016625025E-4*x + 0.2807876576539514E-4*x^2 + 0.4614675445793389E-5*x^3 + 0.1273729557490378E-4*x^4 + (-0.1272210508872595E-3)*y + (-0.1854692340756252E-4)*x*y + 0.1210270474146772E-3*x^2*y + (-0.2290821255033876E-4)*x^3*y + (-0.1027315287011504E-3)*y^2 + (-0.1314158158330934E-3)*x*y^2 + (-0.1888168737280677E-4)*x^2*y^2 + 0.3299811358101592E-4*y^3 + 0.1496240727363093E-4*x*y^3 + 0.2730411466152674E-4*y^4 + 0.923872360150889E-5*z + 0.1062741587971049E-3*x*z + (-0.953379144428835E-5)*x^2*z + (-0.1995900619798755E-4)*x^3*z + (-0.1858062316147984E-3)*y*z + (-0.1159812919713766E-3)*x*y*z + (-0.4894463724710636E-4)*x^2*y*z + (-0.2395159315256608E-3)*y^2*z + (-0.4392418501118663E-3)*x*y^2*z + 0.3747157089530615E-4*y^3*z + 0.3848099190963161E-3*z^2 + (-0.1498416095395937E-4)*x*z^2 + (-0.4337659713246978E-3)*x^2*z^2 + (-0.3873391145158079E-3)*y*z^2 + 0.625089770943887E-3*x*y*z^2 + (-0.7552500549460736E-3)*y^2*z^2;
