eq1=(-0.1905748170239678E-4) + (-0.5121769890528409E-2)*x + (-0.1388024938807908E-1)*x^2 + 0.1089382928541194E-2*x^3 + 0.2736470660417122E-3*x^4 + 0.860439293967638E-2*y + (-0.868175302255565E-2)*x*y + (-0.900253600323253E-2)*x^2*y + (-0.1046591714556337E-2)*x^3*y + 0.691548897770459E-2*y^2 + 0.5862761085535107E-2*x*y^2 + (-0.3010721134682056E-3)*x^2*y^2 + 0.1636784162631218E-2*y^3 + 0.3872305011935028E-2*x*y^3 + (-0.1387430069878222E-3)*y^4 + 0.6755913064308167E-2*z + 0.7243617179928363E-2*x*z + (-0.1311038646734161E-1)*x^2*z + 0.2254352728532024E-2*x^3*z + 0.5304476905740332E-2*y*z + 0.5155840741599036E-2*x*y*z + (-0.879462623260053E-2)*x^2*y*z + 0.1363592692737791E-1*y^2*z + 0.1133637470706307E-2*x*y^2*z + 0.1670218584397478E-2*y^3*z + (-0.4091972258044176E-2)*z^2 + (-0.1926605099801936E-1)*x*z^2 + (-0.7508145708739255E-2)*x^2*z^2 + 0.4647528878767339E-2*y*z^2 + (-0.7112568408381784E-2)*x*y*z^2 + 0.120361430478302E-2*y^2*z^2;

eq2=(-0.84143563357906E-2) + 0.1452121268828419E-2*x + 0.1406718885506695E-1*x^2 + (-0.3105567090618465E-1)*x^3 + 0.184079821321278E-2*x^4 + 0.806684379726256E-2*y + 0.1558924861620016E-2*x*y + (-0.6650247557680114E-2)*x^2*y + (-0.115733457212043E-1)*x^3*y + 0.907909092730121E-2*y^2 + 0.4228481157260736E-1*x*y^2 + (-0.1176467238030339E-1)*x^2*y^2 + 0.136296704130944E-1*y^3 + 0.933772845132583E-2*x*y^3 + 0.2714487327137475E-2*y^4 + 0.1972817359507167E-1*z + 0.975183938159869E-2*x*z + (-0.2406816974090523E-1)*x^2*z + (-0.131924225502702E-1)*x^3*z + (-0.1426153938570218E-2)*y*z + 0.2064673275196423E-1*x*y*z + (-0.218046592307905E-1)*x^2*y*z + 0.1275496900977228E-1*y^2*z + 0.896310503552219E-2*x*y^2*z + 0.3237700075204357E-2*y^3*z + (-0.984685614676399E-2)*z^2 + (-0.829210546942426E-2)*x*z^2 + (-0.937622319135053E-2)*x^2*z^2 + 0.2826659015164315E-2*y*z^2 + 0.2773073935622804E-2*x*y*z^2 + 0.93685767665537E-3*y^2*z^2;

eq3=0.3952415034960985E-2 + (-0.1701450722935067E-3)*x + (-0.950818683039613E-2)*x^2 + 0.3847081459867216E-2*x^3 + (-0.3443140540176985E-3)*x^4 + 0.4250762532241637E-2*y + 0.1644760559258498E-2*x*y + (-0.1132017581865594E-2)*x^2*y + 0.1444298488840485E-2*x^3*y + 0.2922826276142762E-2*y^2 + (-0.3787904614704952E-2)*x*y^2 + 0.1563168789526047E-2*x^2*y^2 + (-0.172600098279066E-2)*y^3 + (-0.7495327811266515E-3)*x*y^3 + (-0.5832627542055579E-3)*y^4 + (-0.897740529247694E-2)*z + (-0.896813785734224E-2)*x*z + 0.2042372712197195E-2*x^2*z + 0.815411887434742E-3*x^3*z + (-0.2136419889123371E-2)*y*z + (-0.92494678760845E-2)*x*y*z + 0.162160868255007E-2*x^2*y*z + (-0.4087539874359869E-2)*y^2*z + 0.4452940171903609E-3*x*y^2*z + 0.5331408084793747E-3*y^3*z + 0.4314109633040447E-2*z^2 + 0.916121364773881E-2*x*z^2 + 0.951465428442804E-2*x^2*z^2 + (-0.4332686627807234E-2)*y*z^2 + (-0.1820256049429363E-2)*x*y*z^2 + 0.5423872006991862E-3*y^2*z^2;
